%YAML:1.0
---
image_width: 2362
image_height: 1654
camera_matrix: !!opencv-matrix
   rows: 3
   cols: 3
   dt: d
   data: [ 1.8087801576679860e+04, 0., 1.1805678301006076e+03, 0.,
       1.8098368848151815e+04, 8.2655963291426110e+02, 0., 0., 1. ]
dist_coeffs: !!opencv-matrix
   rows: 5
   cols: 1
   dt: d
   data: [ -2.4381186565976171e-02, -1.4804924497016993e+01,
       1.1626193365838293e-03, 1.0718058484797872e-03, 0. ]
