%YAML:1.0
---
image_width: 532
image_height: 575
camera_matrix: !!opencv-matrix
   rows: 3
   cols: 3
   dt: d
   data: [ 1.1546061318971846e+04, 0., 2.6504625002897296e+02, 0.,
       1.1683236609972904e+04, 2.8608457303925314e+02, 0., 0., 1. ]
dist_coeffs: !!opencv-matrix
   rows: 5
   cols: 1
   dt: d
   data: [ -1.7285919582664813e+00, -1.0166483126977027e-04,
       -2.5239274400505343e-02, -1.2204519609037215e-02,
       -2.7923894068529309e-07 ]
