%YAML:1.0
---
image_width: 640
image_height: 480
camera_matrix: !!opencv-matrix
   rows: 3
   cols: 3
   dt: d
   data: [ 7.0996206161609700e+02, 0., 3.8430207395057198e+02, 0.,
       2.4633424127810065e+02, 2.7529875566118181e+02, 0., 0., 1. ]
dist_coeffs: !!opencv-matrix
   rows: 5
   cols: 1
   dt: d
   data: [ -1.7021706580815945e+00, 3.1031154497132967e+01,
       -3.9210444368638331e-01, -6.7606779935447991e-01,
       -6.1385564807132226e+01 ]
