%YAML:1.0
---
image_width: 842
image_height: 595
camera_matrix: !!opencv-matrix
   rows: 3
   cols: 3
   dt: d
   data: [ 1.3766045988066751e+04, 0., 2.6361039032312249e+02, 0.,
       8.0342644188695813e+03, 2.7713256025807976e+02, 0., 0., 1. ]
dist_coeffs: !!opencv-matrix
   rows: 5
   cols: 1
   dt: d
   data: [ 5.6418442534878196e+01, -1.5844636957413755e+04,
       2.0281162236231416e+00, 1.3111853977709642e+00, 0. ]
