%YAML:1.0
---
image_width: 1280
image_height: 720
camera_matrix: !!opencv-matrix
   rows: 3
   cols: 3
   dt: d
   data: [ 2.7087730710048538e+02, 0., 6.7962039830284039e+02, 0.,
       3.8110382368294529e+02, 3.4429150119937077e+02, 0., 0., 1. ]
dist_coeffs: !!opencv-matrix
   rows: 5
   cols: 1
   dt: d
   data: [ -5.3121896805373922e-02, 1.3488963264119908e-02,
       4.9948853604763650e-02, 5.0288217136987827e-02, 0. ]
